1974	12	5.48
1975	01	5.48
1975	02	5.47
1975	03	5.40
1975	04	5.43
1975	05	5.50
1975	06	5.52
1975	07	5.45
1975	08	5.40
1975	09	5.37
1975	10	5.32
1975	11	5.30
1975	12	5.15
1976	01	5.02
1976	02	4.88
1976	03	4.81
1976	04	4.86
1976	05	4.88
1976	06	4.89
1976	07	5.00
1976	08	5.02
1976	09	5.08
1976	10	5.11
1976	11	5.15
1976	12	5.15
1977	01	5.16
1977	02	5.22
1977	03	5.25
1977	04	5.27
1977	05	5.35
1977	06	5.38
1977	07	5.47
1977	08	5.50
1977	09	5.57
1977	10	5.55
1977	11	5.55
1977	12	5.55
1978	01	5.47
1978	02	5.38
1978	03	5.40
1978	04	5.42
1978	05	5.43
1978	06	5.50
1978	07	5.55
1978	08	5.57
1978	09	5.65
1978	10	5.72
1978	11	5.72
1978	12	5.63
1979	01	5.59
1979	02	5.54
1979	03	5.59
1979	04	5.67
1979	05	5.70
1979	06	5.81
1979	07	5.94
1979	08	6.06
1979	09	6.11
1979	10	6.14
1979	11	6.19
1979	12	6.29
1980	01	6.24
1980	02	6.21
1980	03	6.28
1980	04	6.31
1980	05	6.43
1980	06	6.49
1980	07	6.63
1980	08	6.68
1980	09	6.76
1980	10	6.83
1980	11	6.91
1980	12	6.87
1981	01	6.91
1981	02	7.03
1981	03	7.07
1981	04	7.18
1981	05	7.28
1981	06	7.39
1981	07	7.52
1981	08	7.64
1981	09	7.67
1981	10	7.74
1981	11	7.77
1981	12	7.74
1982	01	7.72
1982	02	7.71
1982	03	7.69
1982	04	7.72
1982	05	7.77
1982	06	7.91
1982	07	8.04
1982	08	8.21
1982	09	8.23
1982	10	8.26
1982	11	8.34
1982	12	8.36
1983	01	8.33
1983	02	8.41
1983	03	8.45
1983	04	8.55
1983	05	8.77
1983	06	8.97
1983	07	9.10
1983	08	9.24
1983	09	9.32
1983	10	9.39
1983	11	9.44
1983	12	9.40
1984	01	9.47
1984	02	9.44
1984	03	9.39
1984	04	9.40
1984	05	9.45
1984	06	9.66
1984	07	9.84
1984	08	9.86
1984	09	9.91
1984	10	9.96
1984	11	10.01
1984	12	9.89
1985	01	9.89
1985	02	9.84
1985	03	9.86
1985	04	9.99
1985	05	10.09
1985	06	10.19
1985	07	10.35
1985	08	10.40
1985	09	10.41
1985	10	10.51
1985	11	10.60
1985	12	10.60
1986	01	10.58
1986	02	10.65
1986	03	10.73
1986	04	10.82
1986	05	10.95
1986	06	11.07
1986	07	11.24
1986	08	11.30
1986	09	11.37
1986	10	11.52
1986	11	11.64
1986	12	11.57
1987	01	11.57
1987	02	11.54
1987	03	11.54
1987	04	11.63
1987	05	11.83
1987	06	12.03
1987	07	12.18
1987	08	12.38
1987	09	12.53
1987	10	12.62
1987	11	12.70
1987	12	12.65
1988	01	12.67
1988	02	12.60
1988	03	12.67
1988	04	12.83
1988	05	12.97
1988	06	13.16
1988	07	13.37
1988	08	13.46
1988	09	13.56
1988	10	13.85
1988	11	13.93
1988	12	13.76
1989	01	13.68
1989	02	13.68
1989	03	13.76
1989	04	13.85
1989	05	14.01
1989	06	14.10
1989	07	14.26
1989	08	14.43
1989	09	14.59
1989	10	14.59
1989	11	14.59
1989	12	14.51
1990	01	14.43
1990	02	14.51
1990	03	14.68
1990	04	14.92
1990	05	15.09
1990	06	15.34
1990	07	15.67
1990	08	15.75
1990	09	15.84
1990	10	16.17
1990	11	16.42
1990	12	16.50
1991	01	16.75
1991	02	16.75
1991	03	16.67
1991	04	16.75
1991	05	16.91
1991	06	17.33
1991	07	17.74
1991	08	17.99
1991	09	18.32
1991	10	18.49
1991	11	18.66
1991	12	18.66
1992	01	18.90
1992	02	18.99
1992	03	18.99
1992	04	19.15
1992	05	19.40
1992	06	19.57
1992	07	20.07
1992	08	20.07
1992	09	20.15
1992	10	20.23
1992	11	20.23
1992	12	20.15
1993	01	19.98
1993	02	19.98
1993	03	20.15
1993	04	20.31
1993	05	20.40
1993	06	20.73
1993	07	20.98
1993	08	21.23
1993	09	21.48
1993	10	21.72
1993	11	21.97
1993	12	21.89
1994	01	21.81
1994	02	21.97
1994	03	22.14
1994	04	22.30
1994	05	22.55
1994	06	22.97
1994	07	23.30
1994	08	23.55
1994	09	23.88
1994	10	23.96
1994	11	24.13
1994	12	23.96
1995	01	23.96
1995	02	24.13
1995	03	24.29
1995	04	24.46
1995	05	24.87
1995	06	25.37
1995	07	25.95
1995	08	26.12
1995	09	26.28
1995	10	26.45
1995	11	26.62
1995	12	26.28
1996	01	26.12
1996	02	26.20
1996	03	26.45
1996	04	26.86
1996	05	27.20
1996	06	27.61
1996	07	28.11
1996	08	28.44
1996	09	28.52
1996	10	28.69
1996	11	28.94
1996	12	29.02
1997	01	29.02
1997	02	29.02
1997	03	29.10
1997	04	29.35
1997	05	29.19
1997	06	29.44
1997	07	29.68
1997	08	29.77
1997	09	29.93
1997	10	30.26
1997	11	30.35
1997	12	30.84
1998	01	31.84
1998	02	31.67
1998	03	31.51
1998	04	31.76
1998	05	32.25
1998	06	33.08
1998	07	34.08
1998	08	34.24
1998	09	34.82
1998	10	35.90
1998	11	36.32
1998	12	35.57
1999	01	34.82
1999	02	34.41
1999	03	34.33
1999	04	34.41
1999	05	34.74
1999	06	34.82
1999	07	35.16
1999	08	35.32
1999	09	35.57
1999	10	36.23
1999	11	36.32
1999	12	35.74
2000	01	35.74
2000	02	35.65
2000	03	35.99
2000	04	36.32
2000	05	36.48
2000	06	36.65
2000	07	36.90
2000	08	36.73
2000	09	36.81
2000	10	37.23
2000	11	37.31
2000	12	36.98
2001	01	36.90
2001	02	36.73
2001	03	36.90
2001	04	37.15
2001	05	37.40
2001	06	37.89
2001	07	38.39
2001	08	38.64
2001	09	38.56
2001	10	38.80
2001	11	39.14
2001	12	38.89
2002	01	38.72
2002	02	38.64
2002	03	38.80
2002	04	38.89
2002	05	39.14
2002	06	39.47
2002	07	39.88
2002	08	40.13
2002	09	40.21
2002	10	40.38
2002	11	40.55
2002	12	40.13
2003	01	40.05
2003	02	40.13
2003	03	40.38
2003	04	40.88
2003	05	40.96
2003	06	41.21
2003	07	41.54
2003	08	41.38
2003	09	41.38
2003	10	41.71
2003	11	41.79
2003	12	41.62
2004	01	41.79
2004	02	41.79
2004	03	41.79
2004	04	41.79
2004	05	42.12
2004	06	42.45
2004	07	42.87
2004	08	43.28
2004	09	43.37
2004	10	43.61
2004	11	43.53
2004	12	43.20
2005	01	43.61
2005	02	43.53
2005	03	43.53
2005	04	43.86
2005	05	43.70
2005	06	43.86
2005	07	44.61
2005	08	44.77
2005	09	44.94
2005	10	45.44
2005	11	45.85
2005	12	45.60
2006	01	45.52
2006	02	45.52
2006	03	45.52
2006	04	45.90
2006	05	46.29
2006	06	47.05
2006	07	47.43
2006	08	47.43
2006	09	47.82
2006	10	48.58
2006	11	48.58
2006	12	48.58
2007	01	48.58
2007	02	48.96
2007	03	48.58
2007	04	48.96
2007	05	49.35
2007	06	49.73
2007	07	50.49
2007	08	50.88
2007	09	50.88
2007	10	51.26
2007	11	51.26
2007	12	51.26